1
25.34 1.45249 0 22 -20
2
50 140.252 50.1199 19.9999 3.54874 11
350 136.189 50.1399 19.9999 1.43094 19
3
50 108.082 9.96003 -20 3.70959 15
51.6758 250 10 -20 2.99441 16
184.863 50 9.99999 -20 0.449544 17
1
20 2.47222 0 67 0
4
50 140.252 50.1199 19.9999 3.54874 11
350 136.189 50.1399 19.9999 1.43094 19
50 238.541 50.1199 20 3.0573 27
350 74.5229 50.1399 19.9999 1.12261 32
6
50 108.082 9.96003 -20 3.70959 15
51.6758 250 10 -20 2.99441 16
184.863 50 9.99999 -20 0.449544 17
50 124.024 10 -20 3.62988 23
181.086 250 10 -20 2.56305 24
310.854 250 10 -20 2.13049 25
0
0
0
0
0
0
0
0
