1
20 1.89445 0 34 0
1
304.165 50 50.1199 19.9998 0.847218 6
1
334.152 250 9.99999 -20 2.05283 9
1
31.9401 2.57203 0 33 -20
3
304.165 50 50.1199 19.9998 0.847218 6
350 91.249 50.1199 19.9999 1.20624 13
192.527 250 50.02 19.9999 2.52491 30
3
334.152 250 9.99999 -20 2.05283 9
350 105.696 9.98 -20 1.27848 10
139.596 50 10 -20 0.298653 11
1
20 3.26111 0 36 0
1
50 133.478 50.1199 19.9999 3.58261 28
1
350 135.974 9.90001 -20 1.42987 32
1
31.74 1.95415 0 62 -20.0001
2
302.188 50 50.1399 19.9999 0.840627 53
266.937 250 50.0399 19.9999 2.27688 60
2
50 224.005 9.88002 -20 3.12997 56
350 112.035 9.9 -20 1.31018 58
0
0
0
0
0
0
